"Time differences (ps)"	"Counts per bin"
-150000	59
-149900	48
-149800	48
-149700	69
-149600	50
-149500	56
-149400	42
-149300	58
-149200	47
-149100	67
-149000	44
-148900	52
-148800	52
-148700	44
-148600	47
-148500	51
-148400	55
-148300	53
-148200	44
-148100	45
-148000	55
-147900	66
-147800	47
-147700	48
-147600	45
-147500	55
-147400	44
-147300	47
-147200	50
-147100	51
-147000	55
-146900	54
-146800	51
-146700	45
-146600	48
-146500	53
-146400	57
-146300	59
-146200	49
-146100	48
-146000	47
-145900	51
-145800	44
-145700	49
-145600	51
-145500	62
-145400	52
-145300	74
-145200	62
-145100	49
-145000	50
-144900	53
-144800	44
-144700	52
-144600	40
-144500	59
-144400	54
-144300	59
-144200	69
-144100	42
-144000	47
-143900	51
-143800	49
-143700	46
-143600	56
-143500	56
-143400	59
-143300	53
-143200	47
-143100	57
-143000	43
-142900	47
-142800	60
-142700	53
-142600	60
-142500	40
-142400	43
-142300	49
-142200	60
-142100	66
-142000	60
-141900	55
-141800	45
-141700	53
-141600	63
-141500	36
-141400	59
-141300	64
-141200	63
-141100	55
-141000	56
-140900	45
-140800	53
-140700	32
-140600	50
-140500	43
-140400	66
-140300	48
-140200	44
-140100	52
-140000	52
-139900	38
-139800	44
-139700	53
-139600	48
-139500	55
-139400	58
-139300	50
-139200	59
-139100	45
-139000	45
-138900	51
-138800	53
-138700	64
-138600	57
-138500	53
-138400	48
-138300	45
-138200	47
-138100	52
-138000	60
-137900	53
-137800	58
-137700	53
-137600	54
-137500	66
-137400	47
-137300	46
-137200	51
-137100	67
-137000	57
-136900	58
-136800	50
-136700	48
-136600	49
-136500	49
-136400	55
-136300	47
-136200	43
-136100	54
-136000	51
-135900	56
-135800	44
-135700	52
-135600	53
-135500	55
-135400	48
-135300	57
-135200	42
-135100	60
-135000	56
-134900	61
-134800	67
-134700	60
-134600	52
-134500	53
-134400	67
-134300	44
-134200	53
-134100	68
-134000	56
-133900	61
-133800	44
-133700	50
-133600	54
-133500	52
-133400	49
-133300	45
-133200	52
-133100	53
-133000	52
-132900	50
-132800	50
-132700	57
-132600	47
-132500	65
-132400	60
-132300	47
-132200	59
-132100	65
-132000	56
-131900	48
-131800	52
-131700	57
-131600	54
-131500	50
-131400	59
-131300	40
-131200	55
-131100	49
-131000	58
-130900	47
-130800	51
-130700	60
-130600	59
-130500	50
-130400	65
-130300	60
-130200	52
-130100	52
-130000	37
-129900	54
-129800	58
-129700	51
-129600	49
-129500	58
-129400	46
-129300	54
-129200	52
-129100	55
-129000	52
-128900	65
-128800	56
-128700	55
-128600	56
-128500	47
-128400	59
-128300	64
-128200	52
-128100	56
-128000	62
-127900	52
-127800	41
-127700	52
-127600	53
-127500	50
-127400	77
-127300	52
-127200	49
-127100	63
-127000	45
-126900	65
-126800	51
-126700	46
-126600	43
-126500	54
-126400	64
-126300	45
-126200	51
-126100	54
-126000	43
-125900	53
-125800	53
-125700	57
-125600	55
-125500	63
-125400	51
-125300	49
-125200	58
-125100	52
-125000	58
-124900	49
-124800	53
-124700	51
-124600	66
-124500	47
-124400	54
-124300	49
-124200	50
-124100	46
-124000	51
-123900	49
-123800	49
-123700	55
-123600	59
-123500	48
-123400	52
-123300	54
-123200	52
-123100	55
-123000	60
-122900	51
-122800	58
-122700	55
-122600	56
-122500	52
-122400	66
-122300	43
-122200	55
-122100	49
-122000	69
-121900	44
-121800	49
-121700	42
-121600	54
-121500	52
-121400	40
-121300	52
-121200	53
-121100	62
-121000	53
-120900	55
-120800	56
-120700	65
-120600	47
-120500	57
-120400	44
-120300	53
-120200	39
-120100	50
-120000	55
-119900	40
-119800	56
-119700	61
-119600	62
-119500	56
-119400	53
-119300	52
-119200	52
-119100	57
-119000	54
-118900	57
-118800	60
-118700	62
-118600	62
-118500	59
-118400	54
-118300	56
-118200	42
-118100	58
-118000	55
-117900	56
-117800	53
-117700	48
-117600	54
-117500	49
-117400	55
-117300	53
-117200	54
-117100	56
-117000	52
-116900	43
-116800	50
-116700	46
-116600	50
-116500	65
-116400	53
-116300	59
-116200	58
-116100	48
-116000	56
-115900	46
-115800	57
-115700	66
-115600	45
-115500	47
-115400	45
-115300	48
-115200	56
-115100	51
-115000	47
-114900	63
-114800	51
-114700	50
-114600	60
-114500	54
-114400	41
-114300	46
-114200	66
-114100	48
-114000	52
-113900	59
-113800	47
-113700	52
-113600	52
-113500	57
-113400	56
-113300	55
-113200	47
-113100	50
-113000	50
-112900	44
-112800	57
-112700	55
-112600	64
-112500	40
-112400	59
-112300	46
-112200	43
-112100	49
-112000	59
-111900	47
-111800	67
-111700	61
-111600	53
-111500	44
-111400	57
-111300	50
-111200	35
-111100	53
-111000	63
-110900	58
-110800	42
-110700	32
-110600	51
-110500	48
-110400	51
-110300	77
-110200	44
-110100	53
-110000	44
-109900	43
-109800	58
-109700	64
-109600	47
-109500	44
-109400	50
-109300	57
-109200	60
-109100	60
-109000	54
-108900	50
-108800	64
-108700	45
-108600	43
-108500	42
-108400	61
-108300	57
-108200	53
-108100	59
-108000	58
-107900	42
-107800	54
-107700	53
-107600	42
-107500	41
-107400	46
-107300	53
-107200	46
-107100	52
-107000	51
-106900	51
-106800	54
-106700	56
-106600	34
-106500	58
-106400	56
-106300	57
-106200	47
-106100	64
-106000	57
-105900	53
-105800	51
-105700	56
-105600	58
-105500	40
-105400	72
-105300	60
-105200	43
-105100	57
-105000	50
-104900	50
-104800	50
-104700	50
-104600	53
-104500	58
-104400	60
-104300	54
-104200	51
-104100	69
-104000	60
-103900	50
-103800	46
-103700	62
-103600	58
-103500	71
-103400	53
-103300	44
-103200	53
-103100	42
-103000	49
-102900	43
-102800	54
-102700	47
-102600	62
-102500	55
-102400	75
-102300	35
-102200	44
-102100	53
-102000	55
-101900	46
-101800	47
-101700	51
-101600	44
-101500	52
-101400	54
-101300	42
-101200	43
-101100	55
-101000	53
-100900	59
-100800	46
-100700	56
-100600	60
-100500	53
-100400	59
-100300	64
-100200	59
-100100	57
-100000	53
-99900	60
-99800	58
-99700	52
-99600	52
-99500	54
-99400	55
-99300	45
-99200	61
-99100	50
-99000	56
-98900	61
-98800	59
-98700	49
-98600	55
-98500	39
-98400	45
-98300	49
-98200	53
-98100	62
-98000	45
-97900	47
-97800	48
-97700	55
-97600	47
-97500	48
-97400	58
-97300	38
-97200	57
-97100	55
-97000	61
-96900	51
-96800	49
-96700	64
-96600	56
-96500	44
-96400	49
-96300	58
-96200	55
-96100	53
-96000	61
-95900	47
-95800	65
-95700	67
-95600	48
-95500	58
-95400	46
-95300	61
-95200	49
-95100	54
-95000	48
-94900	68
-94800	64
-94700	60
-94600	41
-94500	60
-94400	41
-94300	47
-94200	55
-94100	59
-94000	65
-93900	61
-93800	51
-93700	60
-93600	58
-93500	57
-93400	45
-93300	49
-93200	50
-93100	49
-93000	46
-92900	60
-92800	54
-92700	59
-92600	67
-92500	46
-92400	46
-92300	48
-92200	60
-92100	57
-92000	45
-91900	43
-91800	59
-91700	68
-91600	62
-91500	52
-91400	54
-91300	69
-91200	60
-91100	67
-91000	48
-90900	43
-90800	56
-90700	51
-90600	55
-90500	53
-90400	52
-90300	59
-90200	66
-90100	66
-90000	44
-89900	56
-89800	53
-89700	44
-89600	53
-89500	57
-89400	64
-89300	50
-89200	55
-89100	45
-89000	59
-88900	57
-88800	54
-88700	58
-88600	64
-88500	51
-88400	51
-88300	47
-88200	59
-88100	58
-88000	48
-87900	66
-87800	69
-87700	65
-87600	60
-87500	59
-87400	50
-87300	44
-87200	48
-87100	65
-87000	48
-86900	50
-86800	50
-86700	61
-86600	47
-86500	51
-86400	60
-86300	55
-86200	43
-86100	57
-86000	35
-85900	48
-85800	56
-85700	57
-85600	48
-85500	57
-85400	44
-85300	52
-85200	62
-85100	65
-85000	41
-84900	49
-84800	50
-84700	64
-84600	51
-84500	57
-84400	44
-84300	63
-84200	54
-84100	51
-84000	49
-83900	43
-83800	55
-83700	50
-83600	48
-83500	47
-83400	67
-83300	68
-83200	47
-83100	56
-83000	39
-82900	66
-82800	61
-82700	51
-82600	48
-82500	56
-82400	55
-82300	55
-82200	48
-82100	56
-82000	45
-81900	51
-81800	39
-81700	57
-81600	47
-81500	56
-81400	55
-81300	56
-81200	56
-81100	66
-81000	41
-80900	46
-80800	58
-80700	46
-80600	75
-80500	63
-80400	58
-80300	55
-80200	64
-80100	69
-80000	55
-79900	37
-79800	43
-79700	62
-79600	59
-79500	60
-79400	58
-79300	52
-79200	56
-79100	54
-79000	45
-78900	54
-78800	46
-78700	54
-78600	49
-78500	58
-78400	61
-78300	50
-78200	37
-78100	41
-78000	69
-77900	54
-77800	69
-77700	57
-77600	50
-77500	50
-77400	57
-77300	55
-77200	56
-77100	68
-77000	44
-76900	62
-76800	41
-76700	45
-76600	59
-76500	57
-76400	52
-76300	46
-76200	56
-76100	59
-76000	60
-75900	54
-75800	52
-75700	55
-75600	53
-75500	66
-75400	55
-75300	43
-75200	48
-75100	41
-75000	55
-74900	50
-74800	39
-74700	74
-74600	55
-74500	48
-74400	51
-74300	58
-74200	50
-74100	61
-74000	46
-73900	47
-73800	59
-73700	60
-73600	60
-73500	60
-73400	43
-73300	49
-73200	61
-73100	61
-73000	48
-72900	59
-72800	50
-72700	58
-72600	62
-72500	61
-72400	51
-72300	61
-72200	53
-72100	50
-72000	47
-71900	53
-71800	53
-71700	44
-71600	56
-71500	51
-71400	53
-71300	57
-71200	54
-71100	47
-71000	48
-70900	51
-70800	63
-70700	47
-70600	61
-70500	59
-70400	56
-70300	48
-70200	51
-70100	51
-70000	56
-69900	50
-69800	52
-69700	56
-69600	55
-69500	58
-69400	49
-69300	63
-69200	45
-69100	54
-69000	51
-68900	53
-68800	44
-68700	50
-68600	58
-68500	69
-68400	61
-68300	51
-68200	56
-68100	53
-68000	70
-67900	37
-67800	54
-67700	57
-67600	48
-67500	55
-67400	50
-67300	70
-67200	65
-67100	55
-67000	43
-66900	60
-66800	53
-66700	52
-66600	59
-66500	51
-66400	60
-66300	58
-66200	61
-66100	47
-66000	58
-65900	49
-65800	49
-65700	54
-65600	51
-65500	66
-65400	47
-65300	62
-65200	59
-65100	61
-65000	56
-64900	58
-64800	58
-64700	62
-64600	63
-64500	37
-64400	72
-64300	55
-64200	56
-64100	53
-64000	55
-63900	57
-63800	57
-63700	67
-63600	64
-63500	61
-63400	37
-63300	44
-63200	47
-63100	47
-63000	55
-62900	49
-62800	51
-62700	53
-62600	58
-62500	55
-62400	43
-62300	46
-62200	57
-62100	62
-62000	45
-61900	41
-61800	61
-61700	55
-61600	61
-61500	58
-61400	54
-61300	55
-61200	67
-61100	67
-61000	58
-60900	52
-60800	58
-60700	50
-60600	46
-60500	46
-60400	63
-60300	58
-60200	48
-60100	46
-60000	47
-59900	56
-59800	39
-59700	54
-59600	57
-59500	49
-59400	58
-59300	52
-59200	52
-59100	56
-59000	54
-58900	47
-58800	64
-58700	62
-58600	53
-58500	53
-58400	36
-58300	57
-58200	62
-58100	56
-58000	69
-57900	50
-57800	55
-57700	46
-57600	44
-57500	45
-57400	46
-57300	51
-57200	53
-57100	54
-57000	55
-56900	61
-56800	57
-56700	47
-56600	58
-56500	46
-56400	58
-56300	57
-56200	60
-56100	68
-56000	50
-55900	54
-55800	43
-55700	54
-55600	57
-55500	50
-55400	47
-55300	57
-55200	61
-55100	57
-55000	51
-54900	36
-54800	55
-54700	66
-54600	51
-54500	47
-54400	60
-54300	49
-54200	63
-54100	57
-54000	54
-53900	53
-53800	48
-53700	53
-53600	58
-53500	43
-53400	47
-53300	49
-53200	61
-53100	51
-53000	58
-52900	44
-52800	57
-52700	41
-52600	51
-52500	66
-52400	50
-52300	55
-52200	60
-52100	54
-52000	49
-51900	39
-51800	59
-51700	49
-51600	72
-51500	55
-51400	53
-51300	41
-51200	46
-51100	55
-51000	40
-50900	56
-50800	55
-50700	45
-50600	65
-50500	47
-50400	63
-50300	50
-50200	52
-50100	60
-50000	53
-49900	59
-49800	70
-49700	57
-49600	48
-49500	68
-49400	52
-49300	47
-49200	56
-49100	53
-49000	60
-48900	56
-48800	45
-48700	57
-48600	40
-48500	50
-48400	43
-48300	57
-48200	51
-48100	52
-48000	46
-47900	51
-47800	48
-47700	42
-47600	50
-47500	49
-47400	58
-47300	59
-47200	72
-47100	53
-47000	46
-46900	57
-46800	54
-46700	46
-46600	44
-46500	62
-46400	53
-46300	56
-46200	65
-46100	53
-46000	59
-45900	63
-45800	55
-45700	47
-45600	53
-45500	62
-45400	47
-45300	61
-45200	57
-45100	49
-45000	51
-44900	47
-44800	47
-44700	56
-44600	67
-44500	65
-44400	53
-44300	50
-44200	58
-44100	60
-44000	65
-43900	59
-43800	55
-43700	66
-43600	59
-43500	58
-43400	54
-43300	54
-43200	50
-43100	55
-43000	58
-42900	49
-42800	55
-42700	66
-42600	60
-42500	59
-42400	65
-42300	61
-42200	51
-42100	58
-42000	51
-41900	50
-41800	66
-41700	56
-41600	60
-41500	54
-41400	65
-41300	50
-41200	54
-41100	38
-41000	57
-40900	59
-40800	56
-40700	53
-40600	60
-40500	61
-40400	49
-40300	50
-40200	55
-40100	40
-40000	52
-39900	42
-39800	52
-39700	51
-39600	62
-39500	72
-39400	41
-39300	65
-39200	54
-39100	58
-39000	67
-38900	33
-38800	50
-38700	51
-38600	49
-38500	45
-38400	50
-38300	56
-38200	54
-38100	67
-38000	49
-37900	40
-37800	47
-37700	56
-37600	50
-37500	55
-37400	51
-37300	66
-37200	59
-37100	43
-37000	49
-36900	45
-36800	57
-36700	78
-36600	42
-36500	42
-36400	47
-36300	51
-36200	50
-36100	62
-36000	59
-35900	58
-35800	53
-35700	56
-35600	51
-35500	48
-35400	59
-35300	47
-35200	47
-35100	48
-35000	63
-34900	60
-34800	55
-34700	54
-34600	58
-34500	61
-34400	53
-34300	52
-34200	58
-34100	45
-34000	47
-33900	57
-33800	38
-33700	47
-33600	62
-33500	56
-33400	47
-33300	60
-33200	49
-33100	38
-33000	38
-32900	44
-32800	47
-32700	64
-32600	64
-32500	42
-32400	67
-32300	57
-32200	42
-32100	53
-32000	58
-31900	40
-31800	56
-31700	52
-31600	39
-31500	49
-31400	60
-31300	48
-31200	57
-31100	63
-31000	63
-30900	43
-30800	46
-30700	48
-30600	53
-30500	35
-30400	54
-30300	59
-30200	52
-30100	55
-30000	47
-29900	59
-29800	47
-29700	53
-29600	63
-29500	61
-29400	55
-29300	50
-29200	51
-29100	60
-29000	47
-28900	43
-28800	48
-28700	51
-28600	52
-28500	48
-28400	48
-28300	56
-28200	57
-28100	56
-28000	68
-27900	42
-27800	55
-27700	55
-27600	51
-27500	61
-27400	51
-27300	37
-27200	52
-27100	43
-27000	56
-26900	67
-26800	52
-26700	63
-26600	51
-26500	58
-26400	58
-26300	62
-26200	40
-26100	52
-26000	48
-25900	62
-25800	59
-25700	53
-25600	47
-25500	60
-25400	62
-25300	48
-25200	65
-25100	52
-25000	47
-24900	45
-24800	53
-24700	57
-24600	62
-24500	59
-24400	39
-24300	46
-24200	51
-24100	57
-24000	53
-23900	38
-23800	53
-23700	57
-23600	55
-23500	41
-23400	48
-23300	59
-23200	41
-23100	53
-23000	46
-22900	56
-22800	48
-22700	36
-22600	51
-22500	47
-22400	46
-22300	40
-22200	52
-22100	50
-22000	47
-21900	52
-21800	57
-21700	48
-21600	65
-21500	55
-21400	44
-21300	58
-21200	64
-21100	57
-21000	61
-20900	63
-20800	43
-20700	64
-20600	49
-20500	58
-20400	50
-20300	57
-20200	65
-20100	51
-20000	57
-19900	57
-19800	42
-19700	53
-19600	52
-19500	50
-19400	61
-19300	66
-19200	54
-19100	50
-19000	53
-18900	55
-18800	58
-18700	56
-18600	57
-18500	45
-18400	47
-18300	48
-18200	46
-18100	50
-18000	65
-17900	49
-17800	52
-17700	58
-17600	54
-17500	53
-17400	49
-17300	53
-17200	37
-17100	49
-17000	50
-16900	44
-16800	49
-16700	56
-16600	56
-16500	57
-16400	52
-16300	50
-16200	55
-16100	42
-16000	50
-15900	49
-15800	57
-15700	58
-15600	57
-15500	56
-15400	54
-15300	53
-15200	47
-15100	50
-15000	54
-14900	49
-14800	57
-14700	55
-14600	50
-14500	65
-14400	38
-14300	65
-14200	50
-14100	44
-14000	71
-13900	42
-13800	57
-13700	51
-13600	52
-13500	50
-13400	44
-13300	52
-13200	45
-13100	55
-13000	45
-12900	56
-12800	54
-12700	50
-12600	46
-12500	62
-12400	49
-12300	52
-12200	55
-12100	47
-12000	60
-11900	50
-11800	74
-11700	48
-11600	52
-11500	62
-11400	46
-11300	44
-11200	60
-11100	57
-11000	52
-10900	50
-10800	53
-10700	49
-10600	56
-10500	49
-10400	56
-10300	50
-10200	52
-10100	53
-10000	50
-9900	61
-9800	54
-9700	41
-9600	63
-9500	41
-9400	56
-9300	52
-9200	43
-9100	58
-9000	51
-8900	59
-8800	45
-8700	51
-8600	50
-8500	53
-8400	37
-8300	51
-8200	40
-8100	52
-8000	46
-7900	54
-7800	43
-7700	48
-7600	56
-7500	57
-7400	41
-7300	42
-7200	53
-7100	43
-7000	47
-6900	59
-6800	61
-6700	48
-6600	43
-6500	62
-6400	51
-6300	48
-6200	53
-6100	64
-6000	55
-5900	38
-5800	38
-5700	50
-5600	48
-5500	50
-5400	54
-5300	48
-5200	38
-5100	52
-5000	45
-4900	37
-4800	39
-4700	51
-4600	42
-4500	51
-4400	59
-4300	48
-4200	42
-4100	53
-4000	56
-3900	55
-3800	52
-3700	63
-3600	52
-3500	57
-3400	50
-3300	52
-3200	46
-3100	47
-3000	53
-2900	46
-2800	57
-2700	35
-2600	38
-2500	36
-2400	38
-2300	43
-2200	37
-2100	56
-2000	59
-1900	52
-1800	44
-1700	44
-1600	39
-1500	56
-1400	35
-1300	46
-1200	35
-1100	43
-1000	37
-900	54
-800	53
-700	44
-600	37
-500	36
-400	33
-300	53
-200	46
-100	39
0	46
100	44
200	50
300	43
400	37
500	54
600	43
700	44
800	41
900	36
1000	45
1100	30
1200	47
1300	42
1400	44
1500	44
1600	51
1700	45
1800	50
1900	40
2000	42
2100	42
2200	40
2300	41
2400	36
2500	38
2600	33
2700	22
2800	43
2900	46
3000	40
3100	27
3200	43
3300	35
3400	50
3500	37
3600	34
3700	46
3800	40
3900	45
4000	42
4100	34
4200	30
4300	36
4400	30
4500	51
4600	33
4700	36
4800	44
4900	38
5000	28
5100	36
5200	37
5300	39
5400	35
5500	29
5600	37
5700	32
5800	39
5900	44
6000	45
6100	38
6200	36
6300	26
6400	30
6500	28
6600	27
6700	29
6800	37
6900	30
7000	36
7100	44
7200	28
7300	27
7400	33
7500	29
7600	38
7700	26
7800	30
7900	32
8000	36
8100	26
8200	37
8300	55
8400	34
8500	32
8600	45
8700	40
8800	26
8900	37
9000	43
9100	41
9200	37
9300	35
9400	39
9500	34
9600	31
9700	50
9800	36
9900	32
10000	34
10100	31
10200	41
10300	27
10400	52
10500	33
10600	33
10700	30
10800	42
10900	52
11000	45
11100	31
11200	52
11300	35
11400	47
11500	36
11600	27
11700	35
11800	32
11900	49
12000	38
12100	46
12200	39
12300	41
12400	34
12500	46
12600	37
12700	40
12800	46
12900	43
13000	56
13100	40
13200	58
13300	48
13400	46
13500	44
13600	43
13700	36
13800	35
13900	31
14000	37
14100	30
14200	51
14300	40
14400	43
14500	48
14600	52
14700	28
14800	36
14900	39
15000	35
15100	36
15200	48
15300	53
15400	48
15500	52
15600	51
15700	48
15800	40
15900	49
16000	52
16100	52
16200	55
16300	39
16400	36
16500	43
16600	37
16700	45
16800	49
16900	42
17000	48
17100	47
17200	38
17300	62
17400	43
17500	34
17600	47
17700	42
17800	46
17900	43
18000	48
18100	57
18200	50
18300	43
18400	52
18500	55
18600	42
18700	37
18800	46
18900	42
19000	50
19100	56
19200	54
19300	46
19400	47
19500	50
19600	39
19700	42
19800	43
19900	36
20000	46
20100	47
20200	54
20300	51
20400	56
20500	58
20600	43
20700	56
20800	54
20900	43
21000	50
21100	52
21200	55
21300	32
21400	42
21500	46
21600	48
21700	43
21800	50
21900	40
22000	50
22100	50
22200	54
22300	51
22400	50
22500	42
22600	50
22700	45
22800	47
22900	44
23000	46
23100	51
23200	44
23300	52
23400	49
23500	38
23600	39
23700	50
23800	37
23900	53
24000	55
24100	46
24200	51
24300	42
24400	46
24500	54
24600	58
24700	47
24800	45
24900	57
25000	58
25100	60
25200	55
25300	45
25400	47
25500	40
25600	54
25700	59
25800	45
25900	51
26000	49
26100	52
26200	36
26300	47
26400	45
26500	67
26600	44
26700	44
26800	37
26900	47
27000	50
27100	45
27200	48
27300	42
27400	33
27500	46
27600	50
27700	35
27800	41
27900	44
28000	42
28100	53
28200	36
28300	42
28400	58
28500	55
28600	55
28700	53
28800	42
28900	49
29000	42
29100	69
29200	38
29300	63
29400	56
29500	57
29600	54
29700	48
29800	53
29900	39
30000	36
30100	46
30200	45
30300	46
30400	36
30500	47
30600	41
30700	34
30800	52
30900	54
31000	49
31100	59
31200	55
31300	55
31400	58
31500	59
31600	49
31700	45
31800	72
31900	48
32000	49
32100	44
32200	51
32300	59
32400	58
32500	50
32600	51
32700	54
32800	47
32900	51
33000	45
33100	56
33200	57
33300	60
33400	39
33500	66
33600	51
33700	52
33800	54
33900	56
34000	67
34100	42
34200	46
34300	62
34400	61
34500	49
34600	49
34700	52
34800	67
34900	28
35000	58
35100	41
35200	48
35300	44
35400	52
35500	53
35600	53
35700	49
35800	52
35900	45
36000	57
36100	41
36200	52
36300	55
36400	53
36500	45
36600	54
36700	38
36800	44
36900	52
37000	49
37100	47
37200	45
37300	42
37400	52
37500	63
37600	45
37700	55
37800	57
37900	46
38000	36
38100	56
38200	58
38300	53
38400	55
38500	40
38600	44
38700	57
38800	50
38900	51
39000	57
39100	56
39200	52
39300	54
39400	47
39500	45
39600	64
39700	54
39800	61
39900	58
40000	55
40100	55
40200	61
40300	46
40400	54
40500	51
40600	58
40700	52
40800	51
40900	52
41000	53
41100	68
41200	53
41300	61
41400	53
41500	57
41600	56
41700	69
41800	60
41900	50
42000	36
42100	46
42200	46
42300	70
42400	61
42500	42
42600	49
42700	51
42800	45
42900	51
43000	60
43100	59
43200	54
43300	51
43400	53
43500	62
43600	51
43700	45
43800	65
43900	54
44000	62
44100	53
44200	55
44300	44
44400	52
44500	58
44600	51
44700	47
44800	54
44900	46
45000	69
45100	56
45200	50
45300	59
45400	37
45500	55
45600	56
45700	44
45800	44
45900	47
46000	53
46100	53
46200	49
46300	44
46400	46
46500	63
46600	41
46700	55
46800	37
46900	40
47000	56
47100	56
47200	46
47300	47
47400	65
47500	51
47600	38
47700	49
47800	58
47900	51
48000	49
48100	57
48200	61
48300	60
48400	51
48500	59
48600	56
48700	39
48800	60
48900	42
49000	65
49100	53
49200	53
49300	49
49400	53
49500	56
49600	54
49700	65
49800	47
49900	57
50000	56
50100	60
50200	37
50300	57
50400	53
50500	56
50600	58
50700	58
50800	46
50900	61
51000	35
51100	48
51200	65
51300	50
51400	53
51500	57
51600	53
51700	52
51800	57
51900	55
52000	48
52100	51
52200	51
52300	46
52400	52
52500	34
52600	49
52700	52
52800	62
52900	64
53000	44
53100	50
53200	40
53300	47
53400	51
53500	48
53600	59
53700	70
53800	54
53900	59
54000	50
54100	37
54200	46
54300	48
54400	62
54500	45
54600	55
54700	57
54800	63
54900	51
55000	40
55100	44
55200	57
55300	47
55400	56
55500	58
55600	62
55700	60
55800	44
55900	50
56000	60
56100	72
56200	59
56300	67
56400	40
56500	57
56600	42
56700	61
56800	47
56900	49
57000	47
57100	48
57200	41
57300	48
57400	31
57500	68
57600	59
57700	49
57800	59
57900	52
58000	57
58100	65
58200	48
58300	52
58400	57
58500	46
58600	55
58700	51
58800	43
58900	61
59000	38
59100	47
59200	51
59300	54
59400	59
59500	55
59600	50
59700	54
59800	41
59900	75
60000	61
60100	42
60200	51
60300	43
60400	54
60500	59
60600	49
60700	41
60800	56
60900	56
61000	50
61100	59
61200	48
61300	46
61400	55
61500	63
61600	54
61700	53
61800	57
61900	59
62000	57
62100	62
62200	68
62300	53
62400	53
62500	53
62600	45
62700	52
62800	61
62900	49
63000	45
63100	49
63200	59
63300	45
63400	62
63500	63
63600	51
63700	59
63800	63
63900	56
64000	41
64100	54
64200	51
64300	52
64400	43
64500	48
64600	55
64700	48
64800	46
64900	64
65000	60
65100	43
65200	54
65300	43
65400	46
65500	48
65600	43
65700	46
65800	51
65900	55
66000	63
66100	51
66200	50
66300	67
66400	47
66500	54
66600	50
66700	42
66800	56
66900	47
67000	53
67100	46
67200	39
67300	59
67400	49
67500	49
67600	57
67700	49
67800	46
67900	62
68000	53
68100	44
68200	55
68300	61
68400	59
68500	46
68600	54
68700	48
68800	48
68900	52
69000	48
69100	59
69200	60
69300	58
69400	58
69500	58
69600	62
69700	53
69800	56
69900	59
70000	73
70100	55
70200	56
70300	55
70400	46
70500	64
70600	43
70700	57
70800	45
70900	55
71000	55
71100	59
71200	58
71300	60
71400	59
71500	50
71600	40
71700	57
71800	52
71900	60
72000	58
72100	51
72200	50
72300	46
72400	48
72500	51
72600	42
72700	45
72800	50
72900	58
73000	62
73100	46
73200	52
73300	38
73400	49
73500	51
73600	51
73700	52
73800	68
73900	54
74000	45
74100	54
74200	59
74300	52
74400	55
74500	64
74600	52
74700	54
74800	46
74900	48
75000	40
75100	55
75200	68
75300	48
75400	65
75500	66
75600	45
75700	53
75800	53
75900	54
76000	68
76100	53
76200	50
76300	55
76400	48
76500	50
76600	61
76700	54
76800	53
76900	50
77000	58
77100	46
77200	43
77300	64
77400	45
77500	51
77600	53
77700	57
77800	54
77900	50
78000	51
78100	58
78200	57
78300	48
78400	48
78500	39
78600	42
78700	52
78800	63
78900	47
79000	54
79100	51
79200	50
79300	56
79400	57
79500	49
79600	60
79700	55
79800	56
79900	62
80000	42
80100	42
80200	55
80300	39
80400	61
80500	41
80600	64
80700	53
80800	41
80900	45
81000	36
81100	63
81200	60
81300	57
81400	39
81500	55
81600	44
81700	54
81800	46
81900	44
82000	41
82100	58
82200	50
82300	69
82400	50
82500	48
82600	48
82700	49
82800	62
82900	51
83000	49
83100	53
83200	52
83300	54
83400	44
83500	44
83600	55
83700	68
83800	57
83900	51
84000	57
84100	68
84200	57
84300	44
84400	51
84500	65
84600	48
84700	50
84800	57
84900	55
85000	48
85100	62
85200	59
85300	55
85400	58
85500	63
85600	47
85700	43
85800	54
85900	69
86000	59
86100	45
86200	49
86300	43
86400	52
86500	61
86600	68
86700	46
86800	63
86900	49
87000	43
87100	58
87200	51
87300	43
87400	41
87500	53
87600	53
87700	53
87800	51
87900	62
88000	47
88100	45
88200	57
88300	52
88400	67
88500	50
88600	55
88700	49
88800	55
88900	52
89000	46
89100	62
89200	61
89300	53
89400	57
89500	56
89600	60
89700	56
89800	58
89900	47
90000	52
90100	54
90200	59
90300	40
90400	59
90500	55
90600	46
90700	45
90800	58
90900	54
91000	41
91100	51
91200	48
91300	64
91400	47
91500	42
91600	62
91700	65
91800	62
91900	55
92000	61
92100	45
92200	58
92300	39
92400	54
92500	59
92600	52
92700	55
92800	58
92900	56
93000	52
93100	47
93200	62
93300	41
93400	49
93500	49
93600	51
93700	64
93800	63
93900	37
94000	51
94100	55
94200	62
94300	52
94400	64
94500	69
94600	60
94700	61
94800	60
94900	60
95000	53
95100	59
95200	58
95300	52
95400	51
95500	49
95600	42
95700	46
95800	62
95900	52
96000	46
96100	47
96200	52
96300	48
96400	54
96500	48
96600	59
96700	57
96800	67
96900	52
97000	40
97100	62
97200	59
97300	53
97400	57
97500	47
97600	58
97700	52
97800	39
97900	49
98000	46
98100	47
98200	50
98300	57
98400	52
98500	51
98600	53
98700	58
98800	59
98900	57
99000	70
99100	46
99200	48
99300	58
99400	59
99500	58
99600	67
99700	49
99800	65
99900	51
100000	42
100100	58
100200	49
100300	51
100400	58
100500	54
100600	54
100700	40
100800	56
100900	53
101000	49
101100	59
101200	56
101300	51
101400	49
101500	56
101600	55
101700	59
101800	65
101900	48
102000	62
102100	47
102200	42
102300	60
102400	48
102500	50
102600	57
102700	64
102800	48
102900	55
103000	45
103100	47
103200	64
103300	58
103400	59
103500	52
103600	61
103700	46
103800	44
103900	49
104000	56
104100	45
104200	47
104300	63
104400	63
104500	48
104600	54
104700	42
104800	52
104900	69
105000	59
105100	59
105200	50
105300	56
105400	69
105500	54
105600	49
105700	61
105800	61
105900	66
106000	45
106100	65
106200	60
106300	49
106400	55
106500	47
106600	59
106700	56
106800	63
106900	51
107000	46
107100	65
107200	57
107300	45
107400	44
107500	60
107600	57
107700	46
107800	54
107900	59
108000	65
108100	44
108200	62
108300	58
108400	56
108500	71
108600	57
108700	50
108800	46
108900	47
109000	52
109100	57
109200	61
109300	37
109400	55
109500	58
109600	53
109700	58
109800	57
109900	71
110000	50
110100	54
110200	50
110300	64
110400	59
110500	65
110600	49
110700	52
110800	63
110900	58
111000	63
111100	35
111200	53
111300	59
111400	56
111500	70
111600	56
111700	51
111800	50
111900	46
112000	53
112100	62
112200	41
112300	61
112400	68
112500	53
112600	47
112700	51
112800	60
112900	53
113000	55
113100	62
113200	47
113300	49
113400	54
113500	61
113600	53
113700	56
113800	48
113900	52
114000	61
114100	57
114200	48
114300	56
114400	47
114500	41
114600	51
114700	64
114800	48
114900	53
115000	45
115100	46
115200	54
115300	54
115400	57
115500	51
115600	48
115700	52
115800	57
115900	50
116000	56
116100	48
116200	49
116300	57
116400	43
116500	50
116600	60
116700	51
116800	47
116900	49
117000	59
117100	44
117200	60
117300	62
117400	61
117500	64
117600	63
117700	39
117800	46
117900	59
118000	59
118100	47
118200	63
118300	55
118400	47
118500	45
118600	49
118700	43
118800	42
118900	57
119000	41
119100	45
119200	71
119300	45
119400	60
119500	44
119600	54
119700	59
119800	64
119900	44
120000	54
120100	65
120200	50
120300	44
120400	58
120500	57
120600	48
120700	43
120800	50
120900	42
121000	54
121100	53
121200	55
121300	46
121400	47
121500	53
121600	51
121700	67
121800	53
121900	68
122000	60
122100	50
122200	49
122300	53
122400	53
122500	56
122600	49
122700	52
122800	54
122900	42
123000	55
123100	59
123200	47
123300	43
123400	56
123500	48
123600	46
123700	43
123800	63
123900	61
124000	54
124100	43
124200	64
124300	56
124400	46
124500	56
124600	49
124700	69
124800	57
124900	56
125000	46
125100	55
125200	48
125300	53
125400	45
125500	45
125600	54
125700	57
125800	63
125900	49
126000	48
126100	61
126200	49
126300	53
126400	41
126500	60
126600	45
126700	52
126800	56
126900	44
127000	41
127100	49
127200	60
127300	54
127400	59
127500	39
127600	54
127700	63
127800	49
127900	50
128000	45
128100	33
128200	44
128300	52
128400	58
128500	63
128600	45
128700	54
128800	53
128900	60
129000	62
129100	54
129200	61
129300	57
129400	58
129500	40
129600	57
129700	45
129800	60
129900	57
130000	70
130100	65
130200	44
130300	54
130400	42
130500	59
130600	58
130700	39
130800	55
130900	51
131000	50
131100	65
131200	53
131300	47
131400	48
131500	55
131600	66
131700	64
131800	51
131900	61
132000	58
132100	51
132200	59
132300	51
132400	53
132500	50
132600	56
132700	57
132800	57
132900	45
133000	46
133100	52
133200	51
133300	42
133400	42
133500	54
133600	39
133700	71
133800	65
133900	54
134000	51
134100	62
134200	60
134300	58
134400	65
134500	39
134600	43
134700	48
134800	54
134900	59
135000	57
135100	60
135200	52
135300	61
135400	57
135500	57
135600	58
135700	55
135800	40
135900	60
136000	61
136100	58
136200	56
136300	44
136400	48
136500	61
136600	47
136700	51
136800	53
136900	68
137000	54
137100	45
137200	62
137300	51
137400	67
137500	43
137600	62
137700	51
137800	44
137900	54
138000	47
138100	54
138200	57
138300	59
138400	52
138500	58
138600	41
138700	45
138800	56
138900	44
139000	49
139100	59
139200	56
139300	47
139400	54
139500	55
139600	40
139700	53
139800	49
139900	57
140000	45
140100	49
140200	51
140300	49
140400	58
140500	57
140600	68
140700	48
140800	66
140900	52
141000	48
141100	52
141200	52
141300	61
141400	72
141500	60
141600	53
141700	47
141800	60
141900	48
142000	51
142100	52
142200	50
142300	54
142400	43
142500	53
142600	41
142700	53
142800	55
142900	49
143000	58
143100	44
143200	58
143300	53
143400	53
143500	57
143600	51
143700	52
143800	60
143900	51
144000	50
144100	64
144200	48
144300	50
144400	51
144500	51
144600	56
144700	42
144800	50
144900	51
145000	54
145100	55
145200	59
145300	52
145400	48
145500	41
145600	47
145700	61
145800	46
145900	49
146000	45
146100	60
146200	63
146300	55
146400	57
146500	49
146600	54
146700	50
146800	62
146900	64
147000	50
147100	52
147200	43
147300	57
147400	50
147500	55
147600	48
147700	50
147800	47
147900	46
148000	45
148100	61
148200	51
148300	47
148400	55
148500	61
148600	37
148700	58
148800	51
148900	62
149000	46
149100	40
149200	48
149300	50
149400	57
149500	62
149600	46
149700	58
149800	59
149900	41
